Data_set/Images/cjtogq2uli31z0801xfopfd9w.jpg 200,104,217,146,0 196,193,215,242,0 240,160,256,204,0 241,82,256,119,0 123,49,138,73,0 130,0,142,21,0 59,17,75,44,0 62,0,76,17,0 59,46,74,72,0 88,114,97,130,0 101,111,113,132,0 7,87,53,157,0 0,69,12,98,0
Data_set/Images/cjtogp0x2i1jd08019izieohs.jpg 150,82,199,148,0
Data_set/Images/cjtogoubkhzg3087833jcjece.jpg 66,135,81,154,0 51,134,63,151,0 60,46,79,67,0 80,34,97,58,0 87,7,105,30,0 38,5,54,29,0 43,29,59,58,0
Data_set/Images/cjtogo9zx43uh099376jptfhd.jpg 30,87,45,111,0 27,139,47,169,0 59,116,75,143,0 58,146,80,174,0 61,87,77,113,0 125,90,144,121,0 124,146,144,174,0 160,92,173,117,0 160,120,175,149,0 158,147,174,174,0 222,150,242,177,0 226,94,244,124,0 250,113,256,130,0 249,141,256,159,0 131,0,145,14,0 65,0,79,12,0 60,244,71,256,0 129,248,141,256,0
Data_set/Images/cjtogn1umigki0855jlxt0ryh.jpg 123,79,140,105,0 121,129,138,161,0 57,132,72,157,0 53,103,71,128,0 57,72,72,101,0 216,109,234,139,0 219,83,231,111,0 216,137,234,165,0 215,190,228,209,0 216,222,227,238,0
Data_set/Images/cjtogme2w82xz0988cpuo5zjv.jpg 51,83,59,102,0 36,84,45,101,0 77,63,94,91,0 76,93,89,117,0 76,119,92,147,0 140,121,159,151,0 142,63,160,92,0 190,91,202,109,0 175,90,188,109,0 190,110,202,130,0 177,109,186,130,0 105,200,114,213,0 62,223,78,244,0 46,234,61,253,0 79,233,95,254,0 63,198,72,214,0 45,198,57,214,0 102,225,117,237,0 117,223,129,240,0 52,106,63,123,0 36,104,45,121,0 105,0,119,12,0 120,0,131,10,0
Data_set/Images/cjtogkr3d7wgz0835r8r605uq.jpg 91,126,105,144,0 109,128,122,145,0 129,184,148,213,0 65,183,81,207,0 65,209,80,240,0 64,239,78,256,0 131,238,148,256,0 224,103,237,129,0
Data_set/Images/cjtogk3nyicbv0855kekr41db.jpg 135,123,155,145,0 157,111,173,136,0 175,124,190,150,0 179,152,199,180,0 174,183,190,204,0 156,191,172,216,0 140,180,153,204,0 131,151,146,177,0 82,231,92,246,0 52,219,66,234,0 23,217,36,234,0
Data_set/Images/cjtogjbi33wug0993chtrx8hn.jpg 106,230,120,244,0 159,222,178,242,0 189,228,205,249,0 223,231,235,250,0 55,103,67,118,0 36,119,56,139,0
Data_set/Images/cjtogicp37x9w09880lziljf4.jpg 17,159,48,175,0 0,157,16,172,0
Data_set/Images/cjtogi55a7wz30988lg9apdmk.jpg 214,86,244,103,0 218,63,240,83,0 214,43,245,59,0 188,62,214,84,0
Data_set/Images/cjtoghqti3uwh0993a1kvo0x3.jpg 59,186,83,215,0 30,185,51,214,0 74,168,97,181,0 45,167,67,182,0 16,169,35,179,0 0,169,6,182,0 75,1,98,18,0 42,2,70,17,0 18,3,38,15,0 0,4,7,17,0 137,40,151,58,0 111,41,129,60,0 133,62,151,80,0 113,64,129,82,0 130,84,150,101,0 111,84,127,102,0 131,103,150,122,0 111,105,127,125,0 197,35,216,45,0 197,13,217,24,0 0,184,22,218,0
Data_set/Images/cjtoggctl7qi108355rb7iitw.jpg 88,10,111,22,0 92,30,111,44,0 156,18,167,34,0 154,41,168,58,0 155,61,171,80,0 156,82,170,102,0 155,105,171,124,0 181,103,195,123,0 181,83,195,104,0 181,61,196,80,0 182,41,197,59,0 180,18,197,38,0 213,4,234,18,0 242,2,256,14,0 242,167,256,180,0 212,167,231,181,0 223,183,249,218,0
Data_set/Images/cjtogf5fj7opg0835uto8cbm7.jpg 207,51,227,75,0 223,86,252,110,0 247,53,256,73,0 248,145,256,162,0 245,170,256,185,0
Data_set/Images/cjtogergr7su30988veyumhyp.jpg 91,95,114,108,0 92,116,113,127,0 32,115,54,127,0 32,94,55,106,0 92,63,115,72,0 89,46,114,53,0 32,41,55,53,0 30,59,55,73,0 3,59,24,72,0 3,42,27,53,0
Data_set/Images/cjtoge22lhl910878r51r3fbx.jpg 136,34,163,44,0 140,56,164,67,0 139,45,158,55,0 136,67,159,76,0 163,81,180,99,0 187,82,203,98,0 201,67,231,78,0 204,57,231,69,0 205,46,230,57,0 205,35,229,46,0
Data_set/Images/cjtogctrjhjw10878gjd2vnny.jpg 47,128,63,140,0 46,142,62,152,0 15,141,34,154,0 16,128,34,142,0 45,19,64,30,0 47,4,66,14,0
Data_set/Images/cjtogcbat7kw5083599jtwk4d.jpg 169,92,183,113,0 185,92,195,112,0 197,93,209,113,0 214,94,224,114,0 170,45,185,64,0 186,44,197,66,0 199,45,210,65,0 214,42,226,63,0 158,124,176,139,0 157,141,177,153,0 183,140,206,152,0 185,128,206,141,0 160,19,179,29,0 162,3,179,13,0
Data_set/Images/cjtoga84j3l6w0993ptcdfld4.jpg 11,121,34,132,0 12,111,33,121,0 11,100,33,110,0 13,91,35,99,0 12,80,34,89,0 14,68,34,80,0 16,59,34,68,0 45,217,65,231,0 48,230,63,244,0
Data_set/Images/cjtog94x27lhv0988fdgxw3mm.jpg 197,56,217,66,0 196,66,216,76,0 195,78,218,87,0 195,89,217,96,0 196,99,217,108,0 195,110,216,118,0 194,121,216,130,0 225,9,243,27,0 163,215,182,228,0 162,228,179,242,0 190,190,209,214,0 218,191,238,214,0 247,11,256,25,0
Data_set/Images/cjtog6xcwhde20801wguu8vku.jpg 66,73,101,111,0 31,142,64,171,0 17,197,35,207,0 13,185,33,195,0 16,207,34,217,0 16,217,33,227,0 16,229,33,237,0 16,238,33,249,0 16,250,32,256,0
Data_set/Images/cjtog67au7hre0988pcx3cm5c.jpg 144,71,179,107,0 177,142,210,171,0 205,183,225,195,0 204,195,221,203,0 204,205,220,215,0 204,217,219,226,0 203,227,219,236,0 203,238,221,246,0 202,248,219,256,0
Data_set/Images/cjtog4o9uhcir0799q3wq84j6.jpg 0,152,9,167,0 95,198,110,214,0
Data_set/Images/cjtog4f6ch9vg0801v58jygbj.jpg 168,152,183,167,0 184,151,201,169,0 208,150,224,168,0 186,197,198,212,0 166,196,181,211,0
Data_set/Images/cjtog3s4279x80835vy2g2dim.jpg 17,98,45,126,0
Data_set/Images/cjtog3nvphqm708550q6a7lbw.jpg 100,56,115,71,0 96,100,115,118,0 80,98,98,119,0 83,54,99,72,0 237,101,256,122,0
Data_set/Images/cjtofzggh78a00988e07s368u.jpg 169,100,187,116,0 187,100,203,115,0 188,55,205,69,0 210,53,229,71,0 169,55,188,69,0
Data_set/Images/cjtofyepnh38w079970gz4siw.jpg 154,71,177,101,0 152,166,178,190,0 27,6,50,24,0 52,5,73,24,0 76,5,101,27,0 103,5,127,26,0 129,5,150,26,0 152,6,177,24,0 221,93,256,131,0 221,140,256,177,0 223,182,256,219,0 0,99,10,128,0 0,142,7,175,0 0,186,9,216,0
Data_set/Images/cjtofxbujgzof0801qmwkatdw.jpg 28,5,49,23,0 81,4,102,24,0 157,5,179,23,0 155,72,178,96,0 224,93,256,130,0 222,138,256,178,0 223,182,256,221,0 154,167,179,190,0 0,97,11,133,0 0,139,10,174,0 0,185,10,220,0
Data_set/Images/cjtofwfh4gxt60878opeij3dl.jpg 82,4,105,24,0 157,4,182,22,0 210,5,230,23,0 225,92,256,132,0 225,136,256,178,0 224,184,256,222,0 159,167,180,189,0 157,73,182,98,0
Data_set/Images/cjtofvr4u738f0988lq8er33p.jpg 103,46,123,69,0 127,47,151,70,0 25,96,49,116,0 52,96,73,117,0 77,96,99,117,0 106,94,123,115,0 128,94,148,116,0 155,94,175,116,0 2,121,22,141,0 29,120,49,139,0 55,122,73,137,0 77,118,100,140,0 104,119,124,138,0 126,119,150,139,0 154,120,174,139,0 180,119,201,138,0 179,142,201,163,0 180,166,200,186,0 154,165,177,186,0 154,189,177,210,0 179,188,202,209,0 156,214,175,232,0 180,212,201,235,0 154,235,174,256,0 179,236,200,256,0 129,235,150,256,0 105,232,124,254,0 78,235,99,256,0 52,237,74,256,0 28,236,47,256,0 2,237,22,254,0 28,213,49,234,0 3,214,22,233,0 3,190,22,210,0 28,190,48,210,0 29,167,47,186,0 3,168,23,188,0 3,142,21,164,0 28,142,49,163,0
Data_set/Images/cjtofsup7gsr10878wdkaqsxe.jpg 27,96,53,118,0 26,120,53,139,0 27,142,53,162,0 27,167,51,186,0 26,189,51,210,0 79,97,101,116,0 80,121,103,138,0 79,144,104,168,0 77,165,103,186,0 80,188,102,209,0 28,214,52,231,0 80,213,105,236,0 30,238,51,254,0 79,238,100,256,0 156,99,177,114,0 154,121,177,137,0 155,144,177,164,0 156,167,176,186,0 155,191,178,210,0 155,214,180,233,0 155,237,180,255,0
Data_set/Images/cjtofrgxp6xa509883fsmhliy.jpg 80,96,104,116,0 80,121,103,140,0 80,142,105,163,0 80,167,103,184,0 79,190,103,210,0 80,215,106,232,0 82,240,104,255,0 157,96,183,117,0 156,121,181,139,0 156,142,179,163,0 158,168,178,186,0 159,190,181,213,0 159,213,180,232,0 160,237,180,256,0 206,96,231,114,0 208,119,229,139,0 207,143,232,163,0 209,167,231,186,0 207,192,231,210,0 209,213,232,232,0 206,236,230,256,0
Data_set/Images/cjtofpphggr6u0799l2e6s91d.jpg 1,68,21,90,0 1,94,24,113,0 77,80,100,103,0 1,138,24,161,0 102,80,125,105,0 129,80,149,101,0 152,80,176,102,0 176,80,201,103,0 204,79,226,102,0 226,80,250,102,0 105,162,122,184,0 129,161,148,186,0 156,162,174,185,0 180,162,198,185,0 206,163,223,184,0 231,163,251,185,0 104,233,123,256,0 53,187,75,208,0 52,211,73,233,0 1,233,24,254,0 129,232,149,254,0 155,233,174,256,0 180,232,199,254,0 205,231,223,256,0 232,232,247,256,0
Data_set/Images/cjtofnsych57908556zov25qv.jpg 180,69,201,90,0 180,93,201,114,0 180,139,201,161,0 218,138,240,163,0 181,229,202,255,0 219,233,240,255,0 102,105,128,125,0 105,128,126,148,0 106,151,128,171,0 105,175,124,196,0 104,199,125,219,0 54,104,74,125,0 53,129,78,150,0 55,152,74,171,0 54,175,75,196,0 55,199,76,218,0 27,105,51,127,0 28,127,49,149,0 27,150,49,173,0 29,176,49,196,0 28,198,50,221,0
Data_set/Images/cjtofm2jd2nnk0993aa2vy8vo.jpg 157,104,179,126,0 207,103,229,124,0 208,128,229,148,0 208,153,227,173,0 156,130,179,149,0 157,154,177,172,0 156,175,179,197,0 157,200,178,219,0 209,174,232,196,0 207,199,230,219,0 234,103,253,123,0 233,127,254,150,0 233,150,254,173,0 233,174,254,196,0 234,199,252,221,0
Data_set/Images/cjtof47sa5yr809884iqnyv2e.jpg 163,106,198,126,0 185,133,219,156,0 79,144,117,171,0 87,182,125,202,0 0,165,26,188,0 0,195,21,218,0 235,39,256,70,0 185,0,216,15,0 99,0,136,16,0 41,0,67,9,0
Data_set/Images/cjtof33de5tqo0835wqknffj0.jpg 161,61,184,90,0 119,60,144,88,0 158,16,185,44,0 123,15,146,44,0 0,47,31,75,0 67,105,95,132,0 46,134,76,163,0 154,153,181,178,0 143,182,169,212,0 248,161,256,183,0 249,194,256,218,0
Data_set/Images/cjtof1w68fqeq08013rggur9h.jpg 103,74,125,96,0 95,109,129,127,0 99,157,127,179,0 96,195,127,215,0 143,169,165,197,0 183,159,204,181,0 183,186,206,207,0 227,67,254,96,0
Data_set/Images/cjtof11rf1t2z0993i6ed4rl0.jpg 40,28,65,57,0 37,79,63,109,0 34,131,50,161,0 40,182,64,213,0 0,133,15,162,0 42,239,66,256,0 97,193,132,214,0 98,144,134,159,0 88,123,130,139,0 87,107,130,120,0 92,88,128,102,0 94,71,127,83,0 89,56,128,65,0 98,33,127,47,0 96,13,125,30,0 177,10,214,29,0 177,28,237,48,0 179,50,213,67,0 183,69,214,86,0 181,86,214,102,0 182,103,218,123,0 185,122,218,139,0 186,140,215,157,0 96,215,132,231,0 97,234,132,251,0 184,200,206,216,0 182,212,235,252,0
Data_set/Images/cjtoez1edfmzf0799o3qkuskb.jpg 155,0,177,32,0 120,1,144,31,0 154,46,178,76,0 105,44,143,76,0 157,90,182,120,0 120,89,145,121,0 155,137,181,166,0 122,136,149,165,0 148,183,182,213,0 122,178,152,214,0 154,223,185,256,0 120,227,146,254,0 237,26,256,55,0 240,79,255,109,0 241,184,256,214,0 239,237,256,256,0
Data_set/Images/cjtoexs89fl7x0799x42oq1tw.jpg 175,37,198,72,0 214,43,231,81,0 162,138,188,166,0 206,134,220,166,0 218,217,240,250,0 179,234,206,256,0
Data_set/Images/cjtoex8ehfkh70799ao7kpdqh.jpg 86,88,116,111,0 183,132,210,164,0 160,165,185,193,0 79,123,107,145,0 0,112,14,133,0 0,77,12,100,0 228,219,256,251,0
Data_set/Images/cjtoewagjg12i0855zvsjfmb9.jpg 135,96,166,114,0 145,128,178,152,0 42,140,73,169,0 68,168,92,194,0 119,211,148,242,0 159,207,181,245,0 3,227,27,252,0
Data_set/Images/cjtoevpw6g0860855n2m8ujl6.jpg 88,98,123,116,0 135,116,163,137,0 175,100,201,127,0 173,132,198,150,0 93,132,123,153,0 97,174,121,194,0 95,205,124,229,0 225,206,252,237,0
Data_set/Images/cjtoeqfa01f020993i4snu9z8.jpg 223,23,242,37,0 222,37,243,47,0 221,48,242,58,0 221,57,243,68,0 249,25,256,38,0 250,37,256,47,0 250,47,256,58,0 250,58,256,67,0 82,2,98,11,0 105,2,117,12,0 28,0,45,13,0 0,0,20,11,0 76,133,101,148,0 80,149,100,159,0 52,147,80,160,0 53,136,78,148,0 44,126,66,136,0 76,125,92,136,0 35,110,53,125,0 34,90,68,105,0 109,89,145,107,0 150,106,175,117,0 150,92,175,103,0 116,164,143,174,0 116,176,142,189,0
Data_set/Images/cjtoeocee1c720993j3lq9f2e.jpg 69,43,95,53,0 75,31,93,44,0 46,30,67,42,0 35,81,58,93,0 32,89,58,106,0 59,103,108,120,0 64,82,109,95,0 71,55,96,61,0 134,1,154,10,0 160,17,178,28,0 161,27,183,38,0 191,28,209,39,0 194,18,207,28,0 134,131,147,139,0 123,139,145,149,0 115,131,128,139,0 103,145,115,152,0 101,153,118,163,0 119,150,147,159,0 193,138,227,159,0 236,140,256,162,0 163,103,189,115,0 161,93,188,103,0 187,93,209,101,0 189,101,206,109,0 188,82,199,92,0 166,82,182,91,0 166,76,185,82,0 190,73,201,83,0 164,66,192,76,0 164,53,191,63,0 175,47,192,53,0 174,37,191,45,0 192,47,209,53,0 190,54,208,62,0 193,60,210,70,0 190,39,208,47,0 165,1,179,11,0 215,93,235,107,0 233,83,252,97,0
Data_set/Images/cjtoekhohf2qu0801oki51jck.jpg 145,94,195,106,0 143,114,193,131,0 196,105,220,117,0 192,88,219,104,0 226,81,233,88,0 217,73,240,83,0 219,57,241,69,0 184,61,205,70,0 160,61,182,73,0 134,60,159,70,0 137,47,156,57,0 159,48,181,58,0 184,48,206,59,0 237,81,247,90,0 250,79,256,94,0 225,100,234,109,0 237,101,247,110,0 251,100,256,109,0 136,10,159,20,0 137,0,161,7,0
Data_set/Images/cjtoej0abfigz0855wynd9p5f.jpg 14,29,40,40,0 15,43,41,55,0 102,16,120,27,0 102,6,119,16,0 129,5,153,17,0 135,15,152,29,0 223,20,251,31,0 223,7,252,16,0 29,82,52,91,0 54,85,75,92,0 53,94,75,106,0 30,96,52,105,0 13,104,38,115,0 12,115,39,127,0 41,104,54,115,0 55,104,67,115,0 67,103,80,116,0 40,120,54,132,0 55,121,67,132,0 67,121,81,133,0 82,102,109,114,0 84,117,110,126,0 108,82,133,92,0 133,82,156,93,0 168,71,192,83,0 167,58,192,67,0 186,97,211,109,0 133,95,157,107,0 109,96,132,107,0 140,106,151,115,0 126,105,140,115,0 114,105,128,116,0 113,122,125,132,0 125,122,137,132,0 138,125,150,133,0 140,130,156,144,0 109,132,128,143,0 70,130,84,142,0 37,132,60,142,0 227,89,252,100,0 232,105,250,116,0 183,161,201,174,0 215,160,231,173,0 198,178,212,187,0 214,173,240,183,0 214,184,239,197,0 197,186,213,192,0 121,174,145,184,0 121,162,145,174,0 105,161,120,176,0 72,161,94,174,0 23,150,44,160,0 0,151,20,159,0 22,165,44,173,0 0,165,21,173,0 22,171,46,180,0 0,172,21,180,0 22,185,43,194,0 0,186,21,196,0 26,215,40,225,0 11,215,21,225,0 176,213,195,228,0 210,211,236,229,0 175,233,194,247,0 195,233,213,248,0 215,233,232,247,0 144,214,170,224,0 144,226,169,237,0 97,194,121,206,0 100,188,118,193,0 101,182,119,188,0 101,173,119,181,0 60,176,82,181,0 62,182,82,188,0 62,188,83,193,0 57,200,83,211,0 57,213,81,223,0 59,221,81,230,0 58,235,81,245,0 85,212,104,221,0 112,211,129,222,0 103,245,115,256,0 68,247,86,256,0 26,243,40,256,0 5,244,18,256,0 20,0,39,7,0
Data_set/Images/cjtoebio80ub309937cq0zp98.jpg 1,0,25,7,0 50,0,74,6,0 104,0,134,8,0 164,0,189,9,0 215,0,244,8,0 217,32,240,39,0 163,31,186,40,0 108,32,131,40,0 107,46,131,55,0 50,45,75,56,0 50,32,74,39,0 0,46,23,54,0 1,32,24,40,0 23,62,45,72,0 50,67,68,76,0 83,65,96,77,0 53,77,71,86,0 77,77,97,87,0 65,92,84,104,0 22,75,45,85,0 22,85,45,91,0 22,96,45,106,0 0,96,22,105,0 0,82,22,93,0 117,83,141,92,0 142,83,165,91,0 166,104,190,114,0 189,81,212,92,0 163,46,186,56,0 217,43,241,55,0 142,97,164,105,0 118,95,141,107,0 95,104,118,114,0 76,105,91,115,0 63,105,76,115,0 51,104,64,117,0 50,122,62,133,0 64,123,75,133,0 76,120,88,135,0 94,117,119,126,0 122,125,134,132,0 135,125,147,132,0 146,124,161,133,0 149,105,160,117,0 136,106,149,117,0 123,107,136,117,0 194,105,207,115,0 203,106,219,115,0 217,104,232,114,0 214,95,235,106,0 213,84,236,91,0 189,95,212,106,0 220,132,237,145,0 221,120,233,132,0 209,119,220,132,0 195,120,208,132,0 190,130,210,146,0 165,136,188,147,0 166,125,190,135,0 167,116,188,126,0 148,132,165,145,0 118,132,139,142,0 91,153,109,160,0 92,143,109,154,0 90,136,109,143,0 35,136,64,144,0 36,152,64,160,0 78,163,96,175,0 48,162,71,175,0 5,132,23,144,0 5,121,18,131,0 23,119,47,130,0 25,108,46,119,0 5,106,19,114,0 55,195,80,205,0 80,196,103,204,0 80,209,105,220,0 56,207,81,219,0 103,209,128,219,0 128,210,152,221,0 129,196,153,206,0 105,196,128,206,0 84,220,107,226,0 84,225,106,232,0 83,231,106,237,0 123,230,141,239,0 124,227,142,233,0 125,219,140,227,0 212,199,237,211,0 212,210,233,223,0 212,218,233,233,0 247,200,256,211,0 247,210,256,222,0 248,222,256,231,0
Data_set/Images/cjtodq5modxf007997qarpnv8.jpg 161,40,181,51,0 144,56,162,69,0 179,57,197,69,0 155,81,178,91,0 154,95,179,104,0 134,29,158,39,0 133,16,158,23,0 231,83,252,92,0 136,104,158,112,0 135,116,158,127,0 162,107,176,116,0 165,121,175,133,0 177,122,188,132,0 190,120,202,132,0 190,104,202,115,0 177,103,189,115,0 206,103,231,114,0 207,117,230,127,0 192,131,206,144,0 158,132,184,144,0 231,96,254,105,0 235,106,248,116,0 236,122,247,130,0 251,105,256,118,0 249,119,256,132,0 229,131,253,144,0
Data_set/Images/cjtodmb4o3u2r08350uq4ld7r.jpg 104,68,129,86,0 102,86,130,99,0 130,73,154,87,0 154,73,179,88,0 179,73,206,88,0 206,73,233,87,0 178,86,204,99,0 155,102,179,117,0 185,103,211,116,0 157,137,179,152,0 186,138,211,152,0 71,78,88,86,0 63,88,88,98,0 16,165,40,174,0 16,177,43,187,0 25,189,43,203,0 25,204,45,220,0 121,183,145,192,0 144,184,169,192,0 147,197,169,206,0 118,195,145,206,0 224,184,250,195,0 224,171,249,180,0 226,219,246,225,0 225,225,246,231,0 225,231,248,237,0 138,229,155,242,0 167,229,186,242,0 130,238,152,248,0 110,241,123,248,0 67,242,91,247,0 66,248,90,254,0 109,249,126,254,0 16,243,40,252,0 16,133,43,142,0 17,117,42,130,0
Data_set/Images/cjtodge3tdkec0801mlrime66.jpg 44,100,67,111,0 88,100,98,111,0 99,97,123,112,0 131,99,147,111,0 2,120,23,129,0 50,116,73,128,0 1,133,23,142,0 50,132,73,143,0 107,117,132,129,0 107,131,131,145,0 163,119,187,129,0 161,131,188,143,0 217,118,242,130,0 216,130,240,143,0 0,164,24,173,0 0,179,24,188,0 49,163,74,175,0 49,175,74,188,0 64,187,80,204,0 65,204,83,220,0 0,188,14,203,0 0,206,13,219,0 104,188,123,203,0 102,204,123,219,0 173,188,190,203,0 173,204,191,219,0 107,165,132,175,0 106,176,132,187,0 162,163,190,175,0 162,175,191,188,0 216,163,241,174,0 217,176,241,188,0 211,188,233,203,0 211,205,233,219,0 0,244,23,251,0 50,243,73,252,0 107,244,132,252,0 161,244,187,252,0 216,243,243,252,0
Data_set/Images/cjtodaf7pzgif09931fpaieo8.jpg 135,88,154,100,0 136,100,153,111,0 169,88,184,99,0 183,87,198,101,0 170,99,184,111,0 132,141,156,157,0 204,141,225,155,0 139,156,165,167,0 138,168,164,179,0 171,157,195,166,0 169,168,196,179,0 202,157,222,166,0 201,167,222,177,0 174,177,198,188,0 174,190,198,202,0 160,218,181,234,0 141,238,163,250,0 177,236,197,250,0 248,188,256,202,0 248,204,256,219,0 217,87,232,99,0 200,98,225,108,0 199,110,224,120,0
Data_set/Images/cjt7csmx46p2c0847ehti3j0o.jpg 587,78,622,119,0 627,77,657,122,0 675,76,707,119,0 713,72,742,122,0 588,155,624,202,0 620,157,650,196,0 672,158,715,196,0 705,158,736,199,0 758,158,790,204,0 789,159,830,202,0 841,158,872,203,0 882,159,907,200,0 926,159,955,201,0 961,159,993,201,0 758,78,796,119,0 787,79,821,126,0 841,82,867,122,0 868,74,903,119,0 928,78,956,123,0 966,81,991,119,0 1115,98,1183,167,0 1191,98,1248,184,0 1117,223,1186,297,0 1178,225,1249,301,0 1115,351,1167,413,0 1199,352,1242,422,0 1117,473,1166,532,0 1195,476,1244,539,0 1111,597,1169,668,0 1194,599,1248,669,0 1116,719,1157,790,0 1187,722,1245,792,0 1111,846,1158,915,0 1184,846,1239,914,0 1112,974,1156,1041,0 1193,968,1232,1038,0 947,1054,979,1096,0 912,1050,946,1093,0 867,1054,898,1099,0 827,1053,861,1095,0 782,1051,812,1094,0 749,1050,776,1097,0 702,1049,734,1099,0 664,1051,698,1097,0 616,1050,644,1091,0 582,1049,614,1092,0 575,1141,615,1181,0 617,1141,648,1176,0 661,1140,693,1186,0 703,1143,728,1179,0 750,1139,779,1181,0 781,1141,813,1179,0 832,1145,871,1175,0 870,1143,903,1187,0 909,1143,946,1184,0 946,1146,973,1183,0
Data_set/Images/cjt7cnk9k6i3c0869ku9qwx0c.jpg 1014,1234,1061,1323,0 957,1230,1005,1331,0 908,1234,949,1323,0 850,1231,895,1312,0 827,1186,866,1220,0 877,1184,924,1221,0 933,1183,973,1220,0 986,1182,1027,1224,0 1038,1182,1083,1226,0 1041,721,1088,765,0 987,724,1033,769,0 936,724,978,767,0 881,727,922,771,0 831,724,870,765,0 726,770,768,817,0 727,827,772,876,0 730,890,767,935,0 730,947,769,1000,0 728,1007,766,1058,0 769,1005,797,1054,0 618,749,652,782,0 620,810,658,842,0 773,771,796,815,0 774,827,799,879,0 773,887,800,936,0 773,947,802,996,0 1110,829,1138,879,0 1147,830,1174,879,0 1106,894,1138,939,0 1148,893,1178,938,0 1105,951,1137,995,0 1145,945,1168,1001,0 1256,744,1302,793,0 1256,806,1296,845,0 1103,1009,1135,1060,0 1141,1008,1169,1058,0 1337,468,1375,522,0 1396,475,1428,523,0 1395,414,1424,460,0 1346,408,1382,460,0 1307,240,1356,307,0 1277,148,1316,206,0 1350,148,1388,205,0 612,115,667,162,0 607,171,669,208,0 511,119,563,162,0 458,116,497,157,0 454,164,500,202,0 511,165,554,207,0 511,269,556,302,0 607,261,660,302,0 507,319,552,357,0 618,323,655,358,0 366,98,409,128,0 243,98,290,125,0 243,127,286,152,0 245,161,292,184,0 243,190,282,212,0 291,227,323,270,0 365,194,405,212,0 839,1549,892,1601,0 835,1608,896,1666,0 790,1603,832,1668,0 834,1670,891,1728,0 889,1872,938,1918,0 940,1867,988,1925,0
Data_set/Images/cjt7chsxm6c8h0814q91wb0ru.jpg 838,1252,889,1312,0 902,1246,946,1313,0 946,1245,992,1315,0 991,1246,1050,1316,0 786,1314,829,1356,0 792,1359,827,1385,0 792,1437,831,1470,0 786,1476,825,1511,0 807,1547,835,1604,0 1060,1320,1092,1357,0 1054,1361,1095,1394,0 1052,1433,1094,1470,0 1056,1483,1094,1517,0 836,1551,862,1603,0 860,1551,884,1608,0 883,1553,919,1609,0 807,1684,830,1743,0 836,1685,857,1743,0 858,1683,886,1741,0 883,1685,912,1744,0 789,1778,826,1819,0 833,1780,876,1818,0 839,1819,878,1857,0 784,1823,818,1853,0 994,1785,1042,1823,0 999,1829,1035,1863,0 1052,1826,1093,1858,0 1048,1781,1090,1821,0 989,877,1039,908,0 991,908,1045,932,0 994,933,1045,966,0 989,967,1046,992,0 993,991,1045,1023,0 992,1030,1039,1050,0 984,1058,1041,1087,0 855,873,902,899,0 853,901,901,926,0 853,931,898,958,0 853,966,902,987,0 850,994,901,1017,0 853,1021,893,1050,0 853,1050,898,1078,0 958,743,987,792,0 903,741,956,791,0 862,693,900,718,0 869,668,900,696,0 865,636,902,660,0 869,600,904,631,0 874,572,904,603,0 871,548,901,572,0 871,512,908,543,0 1005,518,1031,546,0 1005,548,1035,571,0 999,576,1039,600,0 1001,606,1036,635,0 1002,633,1040,664,0 1003,661,1037,693,0 1001,696,1035,720,0 1025,399,1099,483,0 812,390,893,475,0 752,198,834,303,0 1088,205,1167,303,0 409,126,449,179,0 407,189,448,240,0 352,189,397,239,0 299,189,341,242,0 301,126,343,180,0 356,130,397,187,0
Data_set/Images/cjt7bod1r66nk0869wcmu2twl.jpg 130,210,212,281,0 119,413,209,498,0 313,209,400,302,0 336,309,406,393,0 330,403,411,486,0 929,166,1088,258,0 885,250,978,303,0 881,320,980,359,0 886,377,979,432,0 892,432,993,487,0 1131,262,1220,313,0 1170,175,1311,253,0 1132,319,1210,376,0 1130,379,1216,428,0 1128,436,1219,495,0 1172,498,1310,564,0 1366,258,1442,309,0 1415,179,1550,241,0 1549,244,1604,302,0 1563,341,1601,395,0 1609,257,1680,303,0 1661,174,1791,243,0 1810,173,1866,223,0 1609,315,1685,361,0 1657,378,1787,450,0 1811,465,1873,546,0 1902,179,1961,258,0 1901,274,1956,331,0 1900,347,1955,406,0 1905,439,1953,489,0 2024,188,2080,246,0 2027,275,2074,332,0 2381,188,2432,246,0 2374,261,2429,327,0 2381,342,2432,406,0 2382,420,2436,474,0 2460,183,2506,257,0 2464,269,2510,326,0 2462,339,2513,402,0 2463,420,2516,478,0 2089,345,2119,393,0 2198,358,2220,388,0 2292,352,2335,388,0 2025,439,2070,478,0 2145,439,2170,477,0 2242,436,2286,485,0 2238,517,2291,577,0 2305,522,2362,579,0 2229,592,2292,663,0 2294,601,2365,663,0 1820,580,1874,631,0 1818,668,1875,731,0 1654,474,1789,532,0 1612,557,1693,609,0 1612,617,1690,670,0 1564,555,1609,603,0 1557,635,1609,697,0 1420,495,1544,564,0 1370,314,1452,364,0 1368,381,1452,432,0 1358,435,1459,493,0 1319,499,1372,543,0 1314,575,1369,630,0 931,497,1071,570,0 934,573,1074,630,0 886,652,971,702,0 888,711,984,760,0 887,762,971,814,0 927,829,1080,901,0 1072,843,1136,908,0 1078,924,1128,979,0 936,899,1066,968,0 833,968,888,1031,0 888,976,973,1037,0 898,1038,982,1094,0 887,1099,968,1157,0 886,1144,971,1211,0 836,1054,885,1121,0 1175,568,1307,634,0 1129,655,1239,700,0 1123,711,1229,761,0 1126,767,1219,821,0 1167,820,1306,898,0 1177,919,1318,1001,0 1129,1009,1209,1057,0 1135,1067,1218,1116,0 1132,1126,1226,1177,0 1175,1184,1310,1257,0 934,1218,1064,1284,0 1070,1192,1135,1258,0 1077,1282,1128,1351,0 1170,1286,1313,1358,0 1417,569,1551,638,0 1372,651,1458,705,0 1363,704,1461,761,0 1367,760,1451,815,0 1374,816,1444,882,0 1655,677,1788,753,0 1649,774,1802,846,0 1618,860,1707,907,0 1613,913,1693,968,0 1559,853,1607,903,0 1414,885,1547,959,0 1556,947,1612,994,0 1658,978,1786,1051,0 1811,982,1849,1023,0 1804,1032,1848,1083,0 1910,999,1943,1066,0 1969,978,2009,1030,0 1968,1034,2018,1086,0 2073,999,2115,1064,0 1916,887,1963,938,0 1990,876,2031,934,0 1955,496,1975,571,0 1975,497,1994,569,0 1993,499,2011,569,0 2006,500,2027,572,0 2023,501,2041,567,0 2039,498,2060,573,0 2060,496,2076,574,0 2075,496,2096,575,0 2090,498,2111,572,0 2108,496,2128,573,0 2125,495,2144,569,0 2153,577,2212,597,0 2153,592,2215,617,0 2152,613,2214,635,0 2152,627,2214,654,0 2155,654,2215,674,0 2157,672,2212,690,0 2155,689,2219,710,0 2153,708,2213,727,0 2154,722,2216,750,0 2153,747,2217,766,0 2157,761,2218,791,0 2129,797,2155,866,0 2115,797,2128,864,0 2091,792,2114,868,0 2081,797,2103,870,0 2058,798,2084,868,0 2044,799,2068,868,0 2026,797,2051,869,0 2013,795,2032,871,0 1997,796,2014,857,0 1978,797,1994,869,0 1959,793,1978,860,0 1888,767,1953,790,0 1889,748,1955,768,0 1891,730,1954,751,0 1890,713,1954,731,0 1889,692,1953,714,0 1888,673,1954,694,0 1888,654,1958,676,0 1890,636,1953,656,0 1890,616,1958,637,0 1887,597,1958,615,0 1888,578,1958,598,0 2280,870,2323,911,0 2273,899,2335,930,0 2274,927,2334,970,0 2275,963,2331,994,0 2478,1162,2531,1225,0 2480,1242,2531,1303,0 2445,1245,2475,1291,0 2403,1246,2440,1304,0 2375,1250,2408,1293,0 2312,1156,2373,1217,0 2312,1240,2368,1302,0 2215,1335,2274,1390,0 2216,1420,2272,1484,0 2169,1333,2196,1388,0 2146,1336,2170,1390,0 2117,1333,2148,1391,0 2088,1337,2125,1395,0 2065,1336,2096,1395,0 2038,1333,2071,1393,0 2010,1336,2039,1390,0 2009,1461,2038,1526,0 2042,1466,2059,1525,0 2071,1470,2085,1540,0 2096,1470,2112,1529,0 2120,1463,2137,1532,0 2147,1468,2173,1530,0 2171,1470,2194,1526,0 1907,1344,1952,1384,0 1895,1416,1954,1476,0 1823,1337,1879,1386,0 1821,1424,1882,1486,0 1919,1534,1962,1589,0 1918,1625,1974,1687,0 1980,1534,2038,1595,0 1985,1623,2039,1679,0 2046,1533,2107,1590,0 2048,1621,2100,1669,0 2128,1535,2185,1588,0 2133,1626,2181,1682,0 2194,1536,2252,1587,0 2197,1621,2250,1678,0 2260,1533,2317,1595,0 2262,1626,2316,1679,0 2349,1479,2412,1540,0 2420,1479,2473,1546,0 2361,1349,2409,1400,0 2354,1415,2413,1459,0 829,1354,895,1424,0 829,1443,887,1508,0 895,1372,964,1424,0 893,1425,964,1475,0 890,1486,966,1540,0 889,1550,974,1602,0 940,1606,1068,1687,0 935,1289,1066,1359,0 1132,1368,1227,1420,0 1135,1428,1230,1484,0 1136,1481,1219,1541,0 1180,1548,1302,1620,0 1167,1621,1220,1685,0 1257,1620,1294,1685,0 1375,1486,1454,1533,0 1375,1547,1437,1604,0 1416,1610,1542,1685,0 1559,1486,1610,1544,0 1558,1572,1608,1626,0 1414,1408,1554,1478,0 1416,1105,1546,1176,0 1377,1190,1445,1233,0 1369,1238,1448,1300,0 1560,1179,1609,1233,0 1552,1272,1605,1317,0 1415,1304,1550,1376,0 1615,1191,1690,1244,0 1614,1247,1687,1300,0 1655,1411,1786,1484,0 1616,1486,1701,1540,0 1616,1546,1693,1602,0 1661,1601,1790,1687,0 1657,1307,1793,1376,0 1650,1102,1787,1173,0
Data_set/Images/cjt7b44ob637107877wf8pc4x.jpg 1041,103,1112,186,0 1048,342,1133,443,0 864,200,924,260,0 770,271,841,354,0 777,358,845,409,0 859,437,924,519,0 671,287,731,361,0 485,372,561,455,0 597,384,650,437,0 586,439,666,505,0 397,466,466,528,0 301,466,363,535,0 218,565,283,632,0 214,625,280,685,0 675,531,744,604,0 400,540,471,593,0 489,613,547,675,0 301,710,374,779,0 873,680,926,756,0 799,675,857,744,0 767,682,802,765,0 703,659,751,747,0 652,685,696,742,0 595,678,646,744,0 544,682,597,756,0 464,714,522,767,0 462,829,519,903,0 544,871,597,930,0 597,864,655,926,0 652,862,701,921,0 692,859,754,926,0 751,866,802,928,0 806,864,864,933,0 864,871,921,924,0 544,970,597,1043,0 595,986,648,1045,0 650,979,703,1052,0 701,983,760,1045,0 756,983,806,1048,0 802,988,866,1038,0 859,992,926,1045,0 459,1015,524,1075,0 466,1146,515,1185,0 457,1312,519,1383,0 648,1158,703,1227,0 604,1162,648,1220,0 556,1167,602,1222,0 542,1275,588,1344,0 597,1282,650,1349,0 650,1270,708,1351,0 705,1287,754,1344,0 756,1273,806,1349,0 813,1287,862,1349,0 848,1275,933,1360,0 1045,1006,1114,1084,0 1043,1128,1103,1213,0 1135,1167,1176,1227,0 1188,976,1238,1048,0 1137,976,1181,1050,0 1135,1284,1176,1339,0 1185,1291,1236,1344,0 1234,1280,1287,1349,0 1291,1287,1346,1344,0 1337,1275,1399,1344,0 1385,1277,1450,1353,0 1438,1291,1509,1349,0 1059,1314,1117,1372,0 871,1160,917,1222,0 816,1156,868,1231,0 756,1160,820,1247,0 703,1153,754,1227,0 1815,266,1900,368,0 1824,531,1916,623,0 1659,641,1735,719,0 1930,675,2001,749,0 2010,671,2075,747,0 1907,804,1999,912,0 1996,811,2114,907,0 1045,1424,1100,1496,0 1128,1468,1190,1539,0 1183,1473,1247,1532,0 1243,1463,1291,1537,0 1289,1459,1342,1530,0 1335,1459,1395,1537,0 1395,1454,1452,1532,0 1452,1461,1514,1521,0 1137,1578,1181,1656,0 1179,1576,1238,1656,0 1231,1581,1293,1654,0 1289,1585,1339,1647,0 1337,1585,1399,1645,0 1395,1576,1447,1645,0 1443,1583,1509,1654,0 1048,1613,1114,1675,0 1027,1732,1110,1792,0 1137,1762,1181,1826,0 1181,1764,1231,1829,0 1229,1751,1293,1826,0 1291,1753,1344,1826,0 1335,1753,1399,1826,0 1388,1758,1445,1822,0 1450,1755,1516,1824,0 967,198,1043,271,0 953,255,1055,333,0 462,1431,519,1500,0 450,1606,533,1707,0 453,1714,524,1822,0 547,1753,590,1829,0 597,1769,657,1833,0 652,1760,701,1843,0 703,1771,756,1824,0 754,1762,827,1847,0 820,1764,862,1829,0 855,1771,928,1829,0 538,1457,604,1532,0 597,1461,648,1525,0 646,1463,705,1537,0 698,1459,756,1528,0 751,1470,804,1521,0 804,1457,866,1542,0 855,1457,933,1537,0 547,1574,593,1652,0 604,1578,650,1647,0 650,1581,710,1659,0 696,1581,754,1656,0 756,1585,818,1659,0 802,1583,868,1659,0 868,1581,917,1661,0
Data_set/Images/cjt7awkj75uyz0700vveah08c.jpg 157,263,228,345,0 148,333,226,406,0 507,259,566,340,0 606,286,672,373,0 1019,287,1097,362,0 1019,357,1076,404,0 792,474,843,548,0 698,474,771,554,0 602,521,672,601,0 505,334,583,407,0 157,526,228,595,0 153,583,225,665,0 122,973,223,1083,0 115,1175,218,1288,0 381,1224,479,1348,0 667,1167,733,1236,0 764,1153,832,1240,0 763,1041,846,1123,0 669,1039,728,1123,0 783,703,862,787,0 709,710,773,782,0 841,637,916,717,0 919,644,994,714,0 855,395,914,475,0 921,402,987,475,0 505,583,578,667,0
Data_set/Images/cjt7aux6l62rr07970dtvllxa.jpg 183,100,243,140,0 272,102,337,139,0 371,99,421,138,0 188,192,239,232,0 285,194,329,225,0 369,192,423,230,0 358,427,437,478,0 364,311,436,370,0 427,624,454,665,0 466,618,493,664,0 440,560,475,608,0 553,565,579,602,0 528,615,559,662,0 575,621,602,664,0 566,402,602,450,0 512,404,553,451,0 677,293,763,334,0 678,130,762,184,0 1142,211,1197,262,0 1227,210,1281,264,0 1147,303,1200,344,0 1223,301,1282,353,0 1156,384,1187,436,0 1186,387,1211,441,0 1210,386,1237,440,0 1233,387,1268,439,0 1163,114,1203,173,0 1237,111,1280,168,0 1156,520,1185,577,0 1190,519,1214,580,0 1210,521,1242,575,0 1237,521,1264,575,0 824,353,861,387,0 871,353,911,388,0 876,397,910,425,0 820,395,855,432,0 941,349,975,387,0 993,353,1032,391,0 944,394,975,429,0 993,395,1032,434,0 1049,351,1086,386,0 1047,394,1086,430,0 656,485,690,523,0 689,479,723,523,0 655,543,690,584,0 687,537,723,587,0 650,601,691,648,0 685,598,722,644,0 574,482,603,532,0 531,483,564,522,0 466,701,493,761,0 492,697,514,763,0 522,701,542,758,0 546,703,572,757,0 464,834,490,891,0 494,833,517,891,0 520,833,540,893,0 548,834,573,892,0 667,794,694,823,0 697,792,722,822,0 723,790,756,820,0 664,880,694,908,0 699,882,726,905,0 732,882,757,908,0 1019,546,1076,575,0 1019,578,1079,609,0 1016,608,1079,636,0 1018,636,1079,664,0 1019,667,1077,696,0 1018,818,1078,844,0 1018,849,1079,873,0 1018,881,1079,902,0 1016,908,1080,935,0 1019,938,1073,965,0 794,699,859,725,0 797,579,857,607,0 797,728,856,757,0 793,761,862,786,0 797,790,859,818,0 797,821,860,846,0 797,851,862,875,0 797,878,863,904,0 794,911,860,932,0 797,941,853,965,0 1436,692,1477,742,0 1437,884,1483,924,0 1382,730,1425,767,0 1384,854,1416,887,0 355,551,391,600,0 319,554,357,601,0 313,613,351,660,0 353,613,390,662,0 318,680,352,723,0 353,676,392,726,0 321,733,349,777,0 361,733,393,784,0 318,792,351,845,0 355,796,392,838,0 318,855,353,896,0 360,856,387,902,0
Data_set/Images/cjt798yz15qzm0847xuhrij32.jpg 92,115,158,157,0 93,178,157,216,0 259,120,299,162,0 252,166,299,209,0 205,150,247,193,0 103,252,154,297,0 106,314,152,345,0 301,307,350,357,0 346,341,388,386,0 407,197,446,242,0 440,236,489,290,0 526,123,579,165,0 553,177,592,215,0 674,98,723,139,0 669,154,728,190,0 824,118,867,153,0 803,168,857,216,0 948,192,999,246,0 914,237,961,283,0 1053,300,1102,358,0 1006,332,1059,385,0 1070,472,1109,520,0 1117,443,1169,498,0 1149,597,1180,659,0 1101,611,1126,659,0 1082,750,1113,804,0 1132,766,1182,826,0 1017,880,1056,928,0 1056,917,1103,962,0 920,979,966,1040,0 952,1026,999,1071,0 807,1052,853,1095,0 818,1106,879,1152,0 679,1085,734,1115,0 676,1131,733,1174,0 549,1060,599,1101,0 537,1109,590,1158,0 439,992,488,1032,0 405,1032,454,1079,0 345,883,394,941,0 306,918,365,974,0 293,750,333,800,0 232,763,288,831,0 223,614,261,669,0 268,619,306,673,0 289,462,337,540,0 245,437,283,521,0 109,913,162,955,0 98,965,160,1012,0 109,1049,152,1098,0 105,1113,161,1153,0 196,1086,250,1124,0 255,1067,300,1098,0 260,1107,298,1141,0 1121,1055,1174,1092,0 1124,1094,1165,1136,0 1227,1046,1280,1086,0 1227,927,1279,967,0 1179,1075,1219,1112,0 1224,1100,1281,1146,0 1224,982,1275,1023,0 1221,302,1278,346,0 1223,246,1271,291,0 1225,151,1268,224,0 1218,105,1269,160,0 1179,135,1207,180,0 1124,120,1161,145,0 1120,159,1156,201,0 611,434,658,495,0 682,438,726,488,0 609,519,655,577,0 689,522,729,574,0 625,610,663,669,0 671,607,713,669,0 694,693,723,756,0 614,695,664,753,0 619,782,663,835,0 696,786,729,841,0 795,311,841,369,0 836,308,889,357,0 799,383,837,441,0 852,383,886,440,0 802,457,841,511,0 849,454,890,517,0 800,530,844,584,0 850,533,888,590,0 800,602,841,658,0 851,607,883,659,0 803,682,844,737,0 852,683,889,731,0 799,754,831,809,0 857,759,886,813,0 801,825,836,881,0 855,831,889,880,0 800,900,844,954,0 857,898,885,957,0 526,438,568,470,0 526,474,568,499,0 526,501,568,525,0 523,534,573,555,0 409,440,456,472,0 418,472,457,496,0 403,501,461,528,0 406,535,463,559,0 413,617,459,649,0 413,646,461,679,0 409,681,463,709,0 412,712,465,733,0 412,738,467,770,0 411,771,468,799,0 409,800,472,822,0 414,830,468,855,0 531,623,571,649,0 535,649,572,679,0 533,683,572,706,0 529,709,575,739,0 530,730,572,771,0 521,768,575,796,0 529,800,568,824,0 528,827,566,853,0
Data_set/Images/cjt790yvu5kc10869sez0f36l.jpg 397,779,425,815,0 433,786,456,820,0 466,787,494,821,0 515,790,545,817,0 568,794,597,822,0 619,787,647,825,0 673,790,703,825,0 724,796,757,831,0 778,800,807,834,0 831,803,858,836,0 382,266,403,307,0 373,569,397,610,0 1071,486,1101,531,0 1072,439,1102,483,0 1106,440,1132,484,0 1115,494,1135,526,0 1054,538,1083,608,0 1113,538,1147,610,0 1153,534,1186,564,0 1151,575,1186,600,0 1079,612,1105,651,0 1080,654,1102,696,0 1080,698,1100,735,0 1075,742,1099,783,0 1116,613,1137,651,0 1146,614,1167,653,0 1115,655,1135,697,0 1143,655,1167,695,0 1143,699,1165,742,0 1113,697,1137,738,0 1112,742,1133,785,0 1139,744,1164,784,0 1180,612,1205,658,0 1183,663,1204,696,0 1184,704,1200,743,0 1180,749,1197,783,0 1178,788,1195,827,0 1139,787,1162,829,0 1104,801,1130,833,0 1105,847,1130,883,0 1059,801,1083,827,0 1058,829,1084,852,0 1056,854,1081,879,0 1149,869,1167,897,0 1177,862,1196,903,0 1104,942,1131,985,0 1139,939,1167,987,0 1470,678,1500,715,0 1514,656,1545,690,0 1511,702,1543,740,0 1511,750,1545,785,0 1468,771,1495,806,0 1511,796,1540,832,0 1644,637,1672,672,0 1692,613,1723,655,0 1691,663,1719,696,0 1689,708,1720,746,0 1644,731,1675,765,0 1691,757,1716,791,0 1681,798,1717,840,0 1638,822,1666,860,0 1686,848,1712,887,0 1891,842,1921,883,0 1932,841,1962,882,0 1915,792,1944,830,0 2026,746,2054,780,0 2069,724,2102,761,0 2065,769,2099,806,0 1919,737,1937,772,0 1954,740,1968,770,0 1526,430,1565,469,0 1485,425,1516,465,0 1512,376,1543,409,0 615,978,652,1002,0 616,1019,651,1041,0 440,1080,477,1116,0 440,1130,477,1168,0 489,1103,516,1144,0 441,1176,477,1213,0 486,1203,513,1241,0 437,1226,468,1257,0 369,1188,397,1223,0 324,1166,355,1199,0 322,1207,352,1250,0 526,1089,557,1115,0 524,1123,554,1150,0 625,1094,655,1118,0 689,1093,723,1117,0 625,1133,654,1150,0 690,1133,718,1154,0 553,1186,589,1212,0 591,1191,620,1212,0 554,1227,580,1246,0 589,1226,615,1245,0 686,1198,719,1221,0 756,1201,785,1223,0 686,1234,715,1253,0 756,1239,784,1259,0 1369,1112,1407,1146,0 1370,1156,1405,1201,0 1423,1135,1450,1183,0 270,1188,281,1207,0 251,1189,266,1207,0 754,1135,785,1159,0 758,1101,786,1126,0
Data_set/Images/cjt78rlhx5nwc0847chareczp.jpg 263,387,285,409,0 291,387,320,419,0 259,425,289,449,0 291,426,319,451,0 188,534,225,583,0 183,580,228,626,0 182,628,228,673,0 86,568,113,601,0 121,564,143,599,0 88,603,114,634,0 118,600,146,634,0 347,627,384,684,0 344,540,382,588,0 422,576,450,611,0 460,577,483,615,0 751,550,795,597,0 748,599,787,648,0 748,645,790,693,0 919,548,955,607,0 911,649,954,698,0 1147,564,1189,605,0 1143,612,1185,660,0 1146,662,1183,703,0 1306,563,1345,618,0 1309,667,1347,719,0 1382,570,1429,615,0 1385,617,1427,662,0 1383,667,1424,721,0 1552,577,1584,627,0 1623,578,1661,626,0 1545,668,1582,718,0 1625,630,1652,674,0 1617,675,1658,721,0 1783,583,1819,631,0 1781,680,1822,729,0 1839,624,1876,652,0 1837,667,1871,691,0 1550,400,1599,449,0 1557,309,1592,365,0 1390,302,1442,352,0 1386,351,1432,398,0 1392,399,1429,449,0 1458,213,1487,243,0 1502,216,1518,242,0 2077,353,2126,405,0 2084,409,2123,447,0 2075,445,2119,499,0 2249,357,2279,411,0 2239,450,2278,509,0 2071,827,2120,876,0 2232,832,2269,883,0 2069,879,2116,924,0 2074,925,2115,972,0 2231,926,2273,980,0 1814,993,1863,1055,0 1708,1025,1758,1105,0 1817,1122,1864,1202,0 1711,1191,1756,1264,0 1543,838,1580,899,0 1536,929,1578,989,0 1365,834,1430,884,0 1376,883,1410,934,0 1378,932,1413,982,0 1246,970,1365,1144,0 1226,970,1267,1028,0 1175,970,1207,1013,0 1130,964,1172,1014,0 1077,962,1121,1018,0 979,985,1089,1116,0 251,760,278,785,0 250,804,281,829,0 283,768,318,790,0 282,799,308,828,0 1483,1045,1503,1082,0 1444,1047,1469,1084,0
Data_set/Images/cjsnccbxfb48507288pt9abee.jpg 1156,354,1204,421,0 1235,354,1286,420,0 1158,478,1203,539,0 1153,574,1205,663,0 1231,600,1285,670,0 1159,227,1210,293,0 1242,230,1287,297,0 713,161,747,201,0 664,161,695,199,0 456,163,504,193,0 456,87,479,116,0 479,87,502,116,0 284,86,307,115,0 256,86,277,115,0 231,87,254,115,0 228,161,251,190,0 253,161,275,188,0 1242,480,1285,542,0 1155,723,1199,790,0 1238,726,1278,789,0 1158,847,1199,912,0 1236,847,1282,914,0 1247,922,1278,966,0 473,1153,494,1182,0 248,1151,270,1178,0 223,1154,244,1179,0 250,1078,270,1106,0 281,1078,300,1104,0 338,1078,357,1106,0
Data_set/Images/cjsnc854jb7yk0812tp2xe4u2.jpg 322,260,379,322,0 322,324,384,381,0 317,381,381,441,0 317,439,388,501,0 319,494,386,561,0 434,260,487,322,0 489,264,540,317,0 434,324,480,384,0 488,324,537,384,0 433,388,484,441,0 489,388,536,441,0 433,449,483,499,0 488,448,535,499,0 434,506,485,560,0 490,507,533,560,0 595,268,644,322,0 648,268,693,319,0 756,266,802,318,0 755,327,803,380,0 755,389,805,441,0 755,449,804,496,0 755,505,805,561,0 650,327,696,380,0 594,329,643,380,0 595,385,642,441,0 650,388,694,438,0 599,447,642,497,0 648,447,694,497,0 595,505,642,559,0 649,509,695,562,0 916,176,961,230,0 911,238,966,288,0 987,346,1046,418,0 911,352,967,414,0 1075,354,1125,414,0 1072,174,1123,233,0 1072,237,1122,289,0 1234,204,1281,262,0 1285,203,1337,261,0 1341,204,1389,261,0 1389,206,1442,261,0 1440,205,1497,260,0 1497,205,1551,260,0 1550,206,1605,260,0 1604,204,1661,261,0 1292,417,1335,471,0 1348,413,1384,473,0 1400,417,1439,470,0 1452,416,1495,472,0 1505,416,1545,473,0 1561,417,1599,471,0 1613,416,1653,471,0 1667,416,1704,470,0 1718,416,1760,473,0 1184,478,1229,527,0 1186,543,1229,584,0 1074,597,1130,650,0 996,589,1043,650,0 916,594,964,652,0 1291,594,1332,652,0 1345,596,1383,651,0 1399,593,1440,652,0 1451,593,1492,657,0 1509,596,1544,654,0 1556,594,1600,652,0 1610,596,1653,650,0 1665,594,1706,652,0 1716,592,1760,652,0 1871,729,1937,820,0 1338,775,1393,835,0 1288,775,1341,834,0 1395,891,1442,953,0 1343,897,1388,953,0 1288,897,1334,950,0 1235,895,1280,948,0 1185,899,1227,947,0 1127,895,1177,950,0 1078,955,1121,1010,0 1128,956,1176,1011,0 1181,957,1230,1011,0 1235,957,1285,1009,0 1290,959,1336,1011,0 1344,959,1388,1012,0 1396,961,1442,1010,0 1448,959,1497,1010,0 1612,957,1658,1010,0 1607,1018,1656,1070,0 1451,1017,1495,1069,0 1396,1017,1446,1073,0 1075,1015,1123,1073,0 1127,1017,1180,1073,0 860,903,914,947,0 857,961,913,1009,0 858,1023,913,1069,0 859,1082,915,1127,0 857,1143,917,1188,0 1076,1079,1121,1134,0 1127,1081,1177,1131,0 1075,1140,1122,1188,0 1128,1140,1178,1194,0 1076,1200,1122,1250,0 1131,1199,1176,1252,0 1398,1078,1442,1134,0 1446,1079,1496,1130,0 1396,1138,1444,1193,0 1445,1140,1499,1189,0 1399,1198,1443,1252,0 1449,1199,1499,1253,0 1396,1260,1443,1310,0 1447,1261,1511,1311,0 1342,1257,1389,1311,0 1290,1258,1337,1310,0 1239,1260,1285,1309,0 1183,1262,1230,1308,0 1131,1261,1174,1312,0 1077,1258,1125,1311,0 1132,1319,1176,1373,0 1184,1319,1230,1370,0 1238,1320,1284,1370,0 1289,1320,1337,1373,0 1343,1323,1391,1373,0 1396,1321,1444,1372,0 858,1200,916,1248,0 858,1259,918,1311,0 862,1321,917,1368,0 700,898,752,948,0 700,959,750,1009,0 699,1015,754,1069,0 702,1082,756,1129,0 701,1141,756,1187,0 701,1197,754,1250,0 700,1258,756,1311,0 699,1318,754,1368,0 597,1316,648,1369,0 595,1256,649,1309,0 595,1200,647,1249,0 454,1543,573,1659,0 456,1644,566,1764,0 454,1764,573,1882,0 593,899,645,951,0 592,961,647,1008,0 595,1017,643,1070,0 595,1081,645,1126,0 596,1141,646,1189,0 431,899,484,952,0 432,961,486,1007,0 435,1021,484,1067,0 435,1079,484,1129,0 436,1141,484,1185,0 434,1201,486,1247,0 435,1263,486,1310,0 438,1324,484,1366,0 327,897,379,951,0 327,962,378,1008,0 328,1019,377,1067,0 328,1083,379,1126,0 326,1140,378,1190,0 325,1201,382,1251,0 326,1262,379,1309,0 327,1318,379,1371,0 167,899,220,948,0 166,960,226,1006,0 168,1019,221,1069,0 168,1079,222,1129,0 169,1139,219,1189,0 168,1199,222,1251,0 170,1261,220,1314,0 168,1320,218,1370,0 327,1497,380,1554,0 328,1734,383,1795,0 858,1492,916,1556,0 990,1541,1097,1651,0 989,1663,1093,1760,0 1002,1777,1092,1880,0 1392,1495,1453,1556,0 1395,1729,1449,1797,0 1529,1541,1624,1650,0 1535,1667,1630,1759,0 1536,1776,1622,1870,0 1743,1646,1793,1705,0 1903,1643,1955,1707,0 1902,1286,1954,1343,0 1738,1285,1793,1344,0 1606,1256,1657,1314,0 1605,1197,1655,1252,0 1820,1164,1870,1221,0 1878,1165,1923,1222,0 1878,1077,1923,1128,0 1872,1012,1926,1071,0 1870,860,1938,939,0
Data_set/Images/cjsnbat17adtv0728ce9hj0ix.jpg 146,151,201,198,0 212,187,252,231,0 139,211,201,256,0 279,165,317,204,0 274,211,314,252,0 356,342,414,386,0 410,369,457,416,0 475,225,526,274,0 508,281,574,315,0 628,153,682,198,0 642,202,701,250,0 786,124,847,171,0 785,188,843,226,0 953,136,1014,187,0 940,195,1000,238,0 1106,214,1161,269,0 1069,264,1120,328,0 1228,321,1286,387,0 1188,352,1236,429,0 1311,455,1355,529,0 1250,486,1294,550,0 1336,624,1380,694,0 1283,626,1321,684,0 1259,772,1304,827,0 1322,796,1358,853,0 1185,899,1242,960,0 1242,938,1291,991,0 1083,1011,1134,1055,0 1110,1049,1168,1100,0 1471,946,1523,987,0 139,274,202,321,0 141,337,201,379,0 277,478,321,536,0 335,494,380,556,0 257,643,307,700,0 317,642,362,701,0 281,803,330,858,0 344,778,392,836,0 362,946,410,1006,0 406,915,462,972,0 525,1006,570,1055,0 482,1058,528,1106,0 652,1088,704,1126,0 632,1138,686,1187,0 800,1103,857,1147,0 802,1167,856,1206,0 943,1079,1006,1127,0 960,1136,1025,1178,0 972,733,1030,771,0 979,774,1030,806,0 967,799,1030,833,0 970,829,1031,863,0 1110,745,1158,774,0 1109,776,1198,833,0 1107,836,1170,870,0 970,440,1011,477,0 964,470,1018,503,0 963,506,1022,530,0 963,536,1024,563,0 966,560,1028,588,0 957,591,1035,625,0 956,622,1032,653,0 970,651,1037,682,0 1100,436,1162,470,0 1102,465,1202,501,0 1097,498,1162,532,0 1105,526,1165,561,0 1103,553,1161,587,0 1103,583,1164,618,0 1103,617,1172,649,0 1103,645,1161,673,0 881,460,922,513,0 783,464,832,516,0 782,547,833,601,0 881,546,922,600,0 800,634,849,684,0 868,634,905,683,0 878,714,926,774,0 786,718,833,775,0 793,809,836,858,0 881,810,925,860,0 595,345,642,397,0 659,344,699,404,0 597,420,646,468,0 651,419,699,471,0 577,491,641,549,0 656,489,700,543,0 600,564,643,619,0 665,563,703,625,0 605,639,648,693,0 655,638,703,692,0 602,714,648,774,0 656,716,701,769,0 604,791,643,839,0 660,786,709,837,0 607,864,645,912,0 670,863,706,912,0 605,939,645,986,0 669,935,707,986,0 1286,156,1338,191,0 1281,198,1335,240,0 1358,170,1393,209,0 1455,143,1520,190,0 1457,202,1517,242,0 1464,286,1513,318,0 1462,348,1515,379,0 1469,1007,1526,1039,0 1469,1079,1526,1119,0 1468,1144,1530,1182,0 1360,1106,1404,1153,0 1295,1089,1348,1129,0 1295,1134,1344,1172,0 288,1100,334,1136,0 286,1143,332,1181,0 222,1121,273,1164,0 160,1092,208,1136,0 154,1155,212,1196,0 154,959,206,998,0 151,1021,215,1056,0
